16662
20080
8598
4247
11467
24600
14797
12590
18186
22708
15420
15170
18449
21510
1327
1381
21007
15051
14695
22118
8368
18625
9799
11853
20216
20964
16892
8111
19635
13942
3105
14273
11976
4245
6896
10743
11862
15574
18260
18382
14971
7316
15423
8670
24604
10527
7221
24186
4216
23142
12939
13028
6636
23246
12977
12647
24527
22243
1135
7919
13885
10757
10810
13899
17291
16183
10321
24400
13795
7045
5812
2150
14610
18849
6173
15179
19627
2040
19375
20046
20362
17887
3373
19909
16098
1677
19523
20482
12651
18352
23839
1777
21025
5954
20427
12059
21070
23857
18941
11478
