20612
14791
12795
1064
1570
15534
20950
15651
14998
10441
11808
5278
10189
18821
23945
17494
19601
22889
3722
6586
18182
12030
13126
20052
9624
18162
22422
20921
7949
20307
1585
3677
3900
2369
16084
16063
2683
18009
8645
1196
2488
4460
16268
5687
8729
9531
8617
21294
14482
23818
5823
13408
10467
11297
17507
13301
1798
7392
11253
7014
19694
17819
12875
9264
17635
24153
24530
11002
12566
8280
8244
18456
18883
17389
10251
20498
10929
20780
8880
8994
12807
7209
21023
17019
18036
7202
18435
9476
9562
10406
2455
1937
16941
10261
1432
17031
8854
2569
14062
18809
